1
2
4
5
8
9
12
16
17
23
24
30
42
45
48
54
56
115
116
120
121
123
131
144
145
146
155
161
163
177
181
184
188
192
196
198
199
207
211
227
232
233
236
239
241
250
254
260
263
278
281
298
320
332
350
370
377
380
381
382
384
385
394
395
408
418
423
424
442
454
474
535
554
576
580
581
590
601
603
607
608
609
615
616
617
624
633
637
644
646
647
651
654
660
688
703
705
712
758
775
779
780
787
801
802
824
838
898
920
926
929
937
949
950
954
965
970
974
987
991
996
1009
1010
1031
1032
1033
1039
1046
1048
1060
1128
1129
1132
1150
1164
1168
1199
1204
1226
1238
1323
1328
1333
1335
1340
1344
1352
1355
1356
1368
1406
1418
1443
1451
1505
1512
1532
1553
1635
1643
1652
1667
1671
1686
1707
1709
1715
1722
1725
1734
1739
1754
1764
1766
1769
1772
1785
1811
1825
1828
1857
1865
1875
1881
1884
1888
1893
1894
1904
1939
1959
2015
2067
2084
2087
2097
2105
2106
2108
2117
2127
2133
2138
2151
2160
2226
2291
2304
2318
2359
2382
2481
2485
2488
2489
2497
2514
2518
2520
2526
2529
2541
2544
2554
2557
2560
2561
2574
2581
2583
2584
2603
2627
2630
2644
2653
2664
2694
2710
2720
2723
2731
2732
2747
2773
2775
2785
2802
2818
2829
2888
2900
2931
2959
2979
2980
2984
2988
2990
3000
3018
3022
3025
3031
3035
3040
3044
3047
3051
3055
3058
3060
3061
3063
3069
3072
3083
3085
3086
3089
3108
3115
3116
3118
3122
3129
3130
3137
3138
3158
3169
3178
3193
3201
3260
3267
3276
3281
3287
3298
3302
3304
3306
3331
3352
3362
3374
3401
3410
3421
3446
3455
3466
3472
3550
3553
3555
3558
3567
3568
3570
3572
3576
3587
3589
3600
3606
3615
3618
3624
3627
3638
3677
3682
3684
3689
3690
3691
3692
3696
3699
3707
3712
3722
3732
3769
3819
3830
3855
3983
3994
4033
4046
4069
4118
4143
4203
4224
4237
4257
4267
4283
4287
4289
4306
4439
4442
4450
4462
4471
4474
4494
4495
4502
4550
4555
4561
4580
4589
4601
4659
4733
4790
4791
4794
4826
4833
4836
4966
4998
5003
5043
5053
5067
5078
5137
5191
5206
5211
5212
5286
5305
5326
5336
5345
5358
5362
5363
5367
5412
5421
5425
5431
5502
5530
5633
5702
5721
5860
5882
5887
5918
5924
5928
5937
5943
5951
5968
5969
6054
6111
6148
6166
6308
6315
6322
6356
6366
6395
6633
6663
6715
6716
6737
6747
6755
6791
6807
6834
6837
6887
6906
6915
6919
6923
6932
6934
6941
6976
6978
6989
6994
6995
6998
7001
7008
7013
7041
7042
7061
7062
7067
7082
7123
7237
7269
7292
7364
7500
7522
7759
7924
7926
7938
